1,334,525,5,10,5.469851
2,352,535,4,7,5.496006
3,334,525,5,10,5.469851
3,352,535,4,7,5.496006
3,357,609,5,10,5.646512
3,196,588,4,7,5.793435
4,18,617,4,7,5.479796
4,269,567,4,7,5.605677
4,265,509,4,7,5.605719
4,408,118,4,7,5.652414
5,459,392,8,16,5.513697
5,368,543,4,7,5.532893
5,116,261,4,7,5.566505
6,88,516,4,7,5.297918
6,230,535,4,7,5.383102
6,399,299,4,7,5.641226
7,396,549,5,10,5.481051
7,268,280,4,7,5.488248
7,221,612,4,7,5.654116
8,221,619,5,10,5.048406
8,308,536,4,7,5.310665
8,143,536,4,7,5.398732
8,248,546,4,7,5.446073
9,213,575,4,7,5.344101
9,256,552,4,7,5.349691
9,358,619,4,7,5.352688
9,252,541,4,7,5.895101
10,202,397,4,7,5.397806
10,198,397,4,7,5.459975
10,179,556,4,7,5.520517
10,222,285,4,7,5.538107
11,431,572,7,13,5.452034
11,344,440,4,7,5.612636
11,348,440,4,7,5.722804
12,127,544,4,7,5.314082
12,278,570,4,7,5.409316
12,335,396,4,7,5.475459
12,125,544,4,7,5.480630
13,369,450,4,7,5.615210
13,246,600,4,7,5.723015
13,506,336,4,7,5.724681
14,212,563,4,7,5.420157
14,217,299,4,7,5.501078
14,293,574,4,7,5.508810
14,352,565,4,7,5.684149
15,246,23,4,7,5.197700
15,238,325,4,7,5.199128
15,85,297,4,7,5.212829
15,162,551,4,7,5.399104
16,248,327,4,7,5.261378
16,250,327,4,7,5.425414
16,77,100,4,7,5.488617
17,501,607,7,13,5.179850
17,237,296,5,10,5.212277
17,260,333,4,7,5.255303
17,263,333,4,7,5.641746
18,284,29,4,7,5.521654
18,275,29,4,7,5.576405
18,109,265,5,10,5.641379
18,107,265,5,10,5.643919
18,250,307,4,7,5.774374
19,354,610,4,7,5.166773
19,350,610,4,7,5.184960
19,9,339,4,7,5.266193
19,348,610,4,7,5.497621
20,255,418,4,7,5.369391
20,165,405,4,7,5.404939
20,257,418,4,7,5.550563
20,121,110,4,7,5.651982
20,414,606,5,10,5.668480
21,420,602,5,10,5.380623
21,267,620,4,7,5.449301
21,210,501,4,7,5.476570
21,267,623,4,7,5.565982
21,362,626,4,7,5.573869
22,51,509,4,7,5.386251
22,146,273,7,13,5.390592
22,287,619,4,7,5.412750
22,149,273,7,13,5.485122
22,285,619,4,7,5.789984
23,187,419,4,7,5.403593
23,51,512,4,7,5.447028
23,281,628,4,7,5.474926
23,291,628,4,7,5.565773
23,283,628,4,7,6.025180
24,395,253,4,7,5.318209
24,348,504,4,7,5.365569
24,397,253,4,7,5.477837
24,399,253,4,7,5.504808
25,359,329,4,7,0.594887
25,351,343,4,7,0.619124
25,349,523,4,7,0.621734
25,268,453,4,7,0.777414
26,207,614,4,7,0.478820
26,357,522,4,7,0.513211
26,264,337,4,7,0.520764
26,447,426,4,7,0.553844
26,349,232,5,10,0.631680
27,369,247,4,7,0.666041
27,56,551,4,7,0.680144
27,281,345,4,7,0.737520
27,386,553,4,7,0.808965
27,183,290,4,7,1.061310
28,193,292,4,7,0.629780
28,352,358,7,13,0.790753
28,355,374,4,7,0.849798
28,189,292,4,7,1.171055
29,426,626,4,7,0.614065
29,376,346,4,7,0.616222
29,116,512,4,7,0.630706
29,196,293,5,10,0.826448
30,440,405,4,7,5.465131
30,207,298,4,7,5.517780
30,389,494,4,7,5.564864
30,205,298,4,7,5.817194
31,383,510,4,7,0.592497
31,361,357,4,7,0.599846
31,359,356,4,7,0.688960
31,211,299,5,10,0.924018
32,383,379,7,13,0.570204
32,395,607,4,7,0.619377
32,159,522,4,7,0.743558
32,220,304,4,7,0.904149
33,246,468,4,7,5.442253
33,424,362,5,10,5.503673
33,42,206,4,7,5.515700
33,345,391,7,13,5.519539
33,186,135,4,7,5.524087
34,251,474,4,7,5.514227
34,117,582,4,7,5.629388
34,251,471,4,7,5.716938
34,249,513,4,7,5.838879
35,244,356,4,7,5.292328
35,138,548,5,10,5.339726
35,250,356,4,7,5.420476
35,135,548,5,10,5.448125
35,390,340,4,7,5.502533
36,263,482,4,7,5.308417
36,325,358,5,10,5.343797
36,411,427,4,7,5.355946
36,205,213,4,7,5.433314
37,387,381,4,7,5.276853
37,346,475,4,7,5.309407
37,421,404,4,7,5.401839
37,439,74,4,7,5.416609
37,251,317,7,13,5.592704
38,211,216,4,7,5.217735
38,120,588,4,7,5.257146
38,127,604,4,7,5.284962
38,205,216,4,7,5.718780
38,118,588,4,7,5.829170
39,434,413,4,7,5.229688
39,313,403,4,7,5.246415
39,397,370,7,13,5.307381
39,487,515,5,10,5.402355
39,273,369,4,7,5.488898
40,453,72,4,7,5.238695
40,275,379,7,13,5.344371
40,384,416,10,19,5.399396
40,299,121,4,7,5.492727
41,1,219,4,7,5.416366
41,309,121,4,7,5.514265
41,171,385,4,7,5.540941
41,133,604,4,7,5.704010
41,433,109,4,7,5.729708
42,441,386,4,7,5.093753
42,438,386,4,7,5.203425
42,288,555,5,10,5.503947
42,436,386,4,7,5.986449
43,62,510,4,7,0.640958
43,413,507,4,7,0.680894
43,345,247,4,7,0.846533
43,225,454,4,7,0.860868
44,314,389,4,7,5.374075
44,317,384,4,7,5.573305
44,405,169,4,7,5.676514
44,218,507,4,7,5.786923
45,325,390,4,7,5.258618
45,317,390,4,7,5.293438
45,453,426,10,19,5.339027
45,4,232,7,13,5.348019
45,319,390,4,7,5.814813
46,328,385,4,7,5.426221
46,334,150,4,7,5.446051
46,459,439,4,7,5.550685
46,429,394,4,7,5.688194
47,349,323,4,7,5.356465
47,133,180,4,7,5.388646
47,32,214,4,7,5.485231
47,347,323,4,7,5.511876
48,1,297,4,7,5.258491
48,136,180,4,7,5.269030
48,174,199,4,7,5.391292
48,172,199,4,7,5.446685
49,332,390,5,10,5.314837
49,134,181,4,7,5.430798
49,334,390,5,10,5.591808
49,1,296,4,7,5.679050
50,429,170,4,7,5.329486
50,63,160,4,7,5.334444
50,235,309,4,7,5.355861
50,212,625,4,7,5.481125
51,260,508,4,7,5.402485
51,38,450,4,7,5.491928
51,34,450,4,7,5.507106
51,140,181,4,7,5.739639
52,91,558,4,7,5.418894
52,143,181,4,7,5.430728
52,1,158,4,7,5.512882
52,1,161,4,7,5.642149
52,18,236,4,7,5.810115
53,1,147,4,7,5.233568
53,1,144,4,7,5.306535
53,236,310,4,7,5.317564
53,151,180,4,7,5.399325
54,26,236,4,7,5.244719
54,28,236,4,7,5.273835
54,24,236,4,7,5.508575
54,211,526,4,7,5.633941
55,158,180,4,7,5.134096
55,134,501,4,7,5.143868
55,155,180,4,7,5.161934
55,304,497,4,7,5.223152
56,346,496,4,7,5.377894
56,223,541,5,10,5.478107
56,267,522,5,10,5.529386
56,308,500,4,7,5.557567
57,362,404,5,10,5.309724
57,364,404,5,10,5.435952
57,336,414,4,7,5.599278
57,341,414,4,7,5.599303
58,164,182,4,7,5.270312
58,287,516,5,10,5.276691
58,402,296,5,10,5.367161
58,404,296,5,10,5.468831
59,134,610,5,10,5.312990
59,40,243,4,7,5.495222
59,36,243,4,7,5.709037
59,42,243,4,7,5.805964
60,177,185,4,7,5.455968
60,374,412,5,10,5.521571
60,239,341,4,7,5.624025
60,354,422,4,7,5.799985
61,330,132,4,7,5.315833
61,158,252,4,7,5.396025
61,160,252,4,7,5.438103
61,321,132,4,7,5.444641
62,53,478,4,7,5.241933
62,204,149,4,7,5.282400
62,206,149,4,7,5.350093
62,212,149,4,7,5.409930
63,377,443,4,7,5.122353
63,379,443,4,7,5.184975
63,375,443,4,7,5.410877
63,381,443,4,7,6.149696
64,451,312,4,7,5.590712
64,405,468,5,10,5.692290
64,309,584,4,7,5.740272
64,64,495,4,7,5.854978
65,154,254,7,13,5.261450
65,450,314,7,13,5.322913
65,14,506,5,10,5.555272
65,453,314,7,13,5.599466
66,317,598,4,7,5.379956
66,56,542,4,7,5.434756
66,309,598,4,7,5.564647
66,214,187,4,7,5.580948
67,37,321,4,7,5.519393
67,71,247,4,7,5.562085
67,77,247,4,7,5.631471
67,75,247,4,7,5.774540
68,399,462,4,7,5.384767
68,452,431,4,7,5.464770
68,397,462,4,7,5.527401
69,112,280,4,7,0.594764
69,8,330,4,7,0.613669
69,489,342,4,7,0.707340
70,152,272,4,7,5.350189
70,413,479,5,10,5.357774
70,152,267,4,7,5.514156
70,186,604,4,7,5.575685
71,226,189,4,7,5.296772
71,474,324,5,10,5.446812
71,47,325,4,7,5.448851
71,43,325,4,7,5.578835
72,27,523,4,7,5.401306
72,494,589,4,7,5.444043
72,479,307,4,7,5.622739
73,496,592,4,7,5.002150
73,481,323,5,10,5.037367
73,498,592,4,7,5.087105
73,493,592,4,7,5.247572
74,232,187,4,7,3.664566
74,236,187,4,7,5.064471
74,233,187,4,7,5.112050
75,25,536,4,7,5.252553
75,232,187,4,7,5.322703
75,55,328,4,7,5.535618
76,24,539,4,7,5.345157
76,28,539,4,7,5.413849
76,217,568,4,7,5.443895
76,30,539,4,7,5.784972
77,446,447,4,7,5.236262
77,355,269,4,7,5.393308
77,91,538,4,7,5.531253
77,286,208,4,7,6.160625
78,455,503,4,7,5.667532
78,12,384,4,7,5.685284
78,96,275,4,7,5.811038
78,359,270,4,7,5.821833
79,364,271,4,7,5.389944
79,42,545,4,7,5.475661
79,215,459,4,7,5.514873
79,28,548,5,10,5.635322
80,163,228,4,7,5.445429
80,228,230,4,7,5.544678
80,355,282,4,7,5.610680
80,506,309,4,7,5.694669
81,284,364,4,7,5.295846
81,30,555,5,10,5.369474
81,35,555,5,10,5.440442
81,370,274,4,7,5.638761
82,263,190,4,7,5.212823
82,452,498,7,13,5.233182
82,449,498,7,13,5.264338
82,303,212,4,7,5.805327
83,303,213,4,7,5.405012
83,68,594,4,7,5.459512
83,258,192,4,7,5.635000
83,64,594,4,7,5.683974
84,307,216,4,7,5.525983
84,252,461,4,7,5.552325
84,476,472,5,10,5.740225
84,309,216,4,7,5.795555
85,110,285,4,7,5.317675
85,383,283,4,7,5.500617
85,312,218,4,7,5.728786
85,36,351,4,7,5.998591
86,361,220,4,7,5.222731
86,51,577,4,7,5.227075
86,282,611,4,7,5.234840
86,260,520,8,16,5.253506
86,37,377,4,7,5.269633
86,285,611,4,7,5.527843
87,101,391,4,7,5.314235
87,146,297,4,7,5.378954
87,361,222,5,10,5.469360
87,142,308,4,7,5.527964
87,445,300,4,7,5.647156
88,376,443,4,7,5.246725
88,374,443,4,7,5.254500
88,362,223,5,10,5.266921
88,319,200,4,7,5.306950
88,284,505,4,7,5.358910
88,321,200,4,7,5.726652
89,237,299,5,10,5.231024
89,40,445,4,7,5.243280
89,328,617,4,7,5.245745
89,141,310,5,10,5.363881
89,364,224,5,10,5.403539
89,426,434,4,7,5.784726
90,450,304,4,7,5.340353
90,163,270,4,7,5.373375
90,45,477,4,7,5.443289
90,450,304,4,7,5.558577
90,141,313,5,10,5.586854
90,296,303,4,7,5.837755
91,130,346,4,7,5.275570
91,429,440,4,7,5.335277
91,314,203,4,7,5.417751
91,48,452,4,7,5.626382
91,423,500,4,7,5.677413
91,141,315,5,10,5.868519
92,38,455,4,7,5.518314
92,147,283,7,13,5.539508
92,153,283,7,13,5.662401
92,140,317,5,10,5.815898
92,431,442,4,7,5.991240
93,422,506,5,10,5.382148
93,453,305,5,10,5.448873
93,44,488,4,7,5.543905
93,294,509,4,7,5.802035
93,44,488,4,7,5.982357
94,439,447,4,7,5.289022
94,200,604,4,7,5.417988
94,441,401,4,7,5.446008
94,285,525,4,7,5.492202
94,435,447,4,7,5.574817
94,435,401,4,7,5.877763
95,457,305,7,13,5.287394
95,438,451,4,7,5.293997
95,369,229,4,7,5.346953
95,44,467,4,7,5.604187
95,195,487,4,7,5.613473
96,42,502,4,7,5.422704
96,26,495,4,7,5.434656
96,369,234,4,7,5.439812
96,40,502,4,7,5.626379
96,32,495,4,7,6.140317
97,243,628,5,10,5.332162
97,369,230,4,7,5.408360
97,409,471,5,10,5.413461
97,458,310,7,13,5.709479
97,439,457,4,7,5.833821
98,272,174,4,7,5.324056
98,369,233,4,7,5.336898
98,323,209,4,7,5.359155
98,444,459,4,7,5.376529
98,369,230,4,7,5.418685
98,440,459,4,7,5.600010
99,369,233,4,7,5.392595
99,422,519,7,13,5.406230
99,162,276,5,10,5.428293
99,447,459,4,7,5.435745
99,441,459,4,7,5.523354
99,35,512,4,7,5.644970
100,444,459,5,10,5.469220
100,432,528,5,10,5.526174
100,334,318,4,7,5.535264
100,458,309,7,13,5.563972
100,219,261,4,7,5.710043
101,31,518,5,10,5.432155
101,12,547,4,7,5.448661
101,254,558,4,7,5.460171
101,443,465,4,7,5.569171
101,449,465,4,7,5.615679
102,367,235,4,7,5.431429
102,446,329,5,10,5.496463
102,449,468,4,7,5.509465
102,443,468,4,7,5.533685
102,187,554,4,7,5.552841
102,155,465,4,7,5.612035
103,294,530,4,7,5.562143
103,25,529,4,7,5.619303
103,319,210,4,7,5.675339
103,290,530,4,7,5.788865
103,31,529,4,7,5.835088
104,304,628,7,13,5.275825
104,136,307,4,7,5.283315
104,365,231,4,7,5.299802
104,27,532,5,10,5.302162
104,365,234,4,7,5.703771
105,1,562,7,13,5.311569
105,20,535,5,10,5.410960
105,24,535,5,10,5.458868
105,331,327,4,7,5.494012
105,329,327,4,7,5.573591
106,162,615,5,10,5.201849
106,181,513,8,16,5.275588
106,159,615,5,10,5.502420
107,457,316,7,13,0.516130
107,445,565,4,7,0.600818
107,144,290,7,13,0.604293
108,185,419,4,7,0.544854
108,280,580,5,10,0.570424
108,298,262,5,10,0.622691
109,126,526,5,10,0.447360
109,5,554,5,10,0.791106
109,275,588,4,7,0.946581
110,170,590,5,10,0.532878
110,166,598,4,7,0.575787
110,440,490,5,10,0.576624
111,266,613,5,10,0.477661
111,136,617,5,10,0.547577
111,439,493,5,10,0.808746
112,217,589,5,10,0.577420
112,168,593,5,10,0.611167
112,360,502,4,7,0.761923
113,503,333,5,10,0.661200
113,373,357,5,10,0.680537
114,368,359,5,10,5.224901
114,364,509,5,10,5.247363
114,370,359,5,10,5.297712
115,295,447,5,10,0.495753
115,245,292,5,10,0.668477
116,286,595,5,10,0.565301
116,316,166,5,10,0.607067
116,442,328,5,10,0.652916
117,442,603,4,7,0.496420
117,339,243,4,7,0.523183
118,34,489,5,10,0.482940
118,95,567,7,13,0.517803
118,98,622,5,10,0.643580
119,90,333,5,10,0.574464
119,437,325,13,26,0.616840
119,167,495,5,10,0.708343
120,165,285,5,10,0.630628
120,308,493,5,10,0.633197
121,301,494,5,10,0.601216
121,89,331,7,13,0.630823
122,100,308,7,13,0.439643
122,99,316,4,7,0.545182
123,424,619,5,10,0.531747
123,428,332,8,16,0.541708
123,294,501,5,10,0.604541
124,319,247,4,7,0.502495
124,144,390,5,10,0.581139
124,58,392,7,13,0.755273
125,505,485,4,7,0.602816
125,161,507,5,10,0.609775
126,458,491,8,16,0.469647
126,69,604,5,10,0.496004
126,347,368,7,13,0.606802
127,473,439,4,7,0.535500
127,118,614,5,10,0.545227
127,256,554,5,10,0.570924
128,459,562,5,10,0.653734
128,306,250,4,7,0.707594
129,136,613,5,10,0.445628
129,488,455,4,7,0.451663
129,276,522,5,10,0.503468
130,332,384,4,7,0.440872
130,370,505,5,10,0.470834
131,403,344,8,16,0.374403
131,350,600,5,10,0.412382
131,404,353,5,10,0.653443
132,257,531,7,13,5.280640
132,260,531,7,13,5.342562
132,362,512,5,10,5.406984
133,284,252,4,7,0.615231
133,481,328,5,10,0.678541
133,502,474,7,13,0.911124
134,467,607,5,10,0.515448
134,338,541,5,10,0.620713
135,347,521,5,10,0.549172
135,12,604,7,13,0.608546
136,315,605,5,10,0.539318
136,389,359,5,10,0.567993
136,208,608,5,10,0.621234
137,443,349,5,10,0.554175
137,448,170,4,7,0.654977
138,308,612,5,10,0.419967
138,293,216,7,13,0.424148
138,97,560,5,10,0.519215
139,191,534,5,10,0.528302
139,199,614,5,10,0.556986
139,230,557,7,13,0.583866
140,371,352,8,16,0.511684
140,367,366,5,10,0.549813
140,337,617,10,19,0.620981
141,170,359,7,13,0.565347
141,226,355,5,10,0.619019
141,225,349,5,10,0.649972
142,432,347,4,7,0.527611
142,433,361,5,10,0.597784
142,250,257,4,7,0.611294
143,57,420,5,10,0.610363
143,429,170,4,7,0.613132
143,25,494,7,13,0.693877
144,126,388,10,19,0.508484
144,24,521,7,13,0.600639
145,55,435,5,10,0.463290
145,50,423,7,13,0.503226
145,186,537,7,13,0.560597
146,336,583,5,10,5.140302
146,499,490,7,13,5.201926
146,230,586,5,10,5.494834
147,388,539,5,10,5.261707
147,242,248,4,7,5.352426
147,1,446,2,4,5.401593
148,471,379,13,26,5.203894
148,401,377,10,19,5.477179
148,367,350,11,22,5.499018
149,239,250,4,7,5.327699
149,363,351,5,10,5.347649
149,355,483,5,10,5.416913
150,365,356,10,19,5.347889
150,190,414,5,10,5.435547
150,237,257,4,7,5.628995
151,235,259,4,7,5.246749
151,383,557,5,10,5.353856
151,385,557,5,10,5.373630
152,205,375,5,10,5.488252
152,203,375,5,10,5.517385
152,334,553,5,10,5.696906
153,492,517,8,16,5.433749
153,460,398,10,19,5.719735
153,143,382,4,7,6.105050
154,228,257,4,7,5.283928
154,390,395,11,22,5.468408
154,458,404,10,19,5.481501
155,410,572,10,19,5.385564
155,443,371,5,10,5.411626
155,299,571,7,13,5.470621
156,473,391,7,13,5.363904
156,457,408,7,13,5.537833
156,457,412,7,13,5.664649
157,453,411,13,26,5.337344
157,295,579,7,13,5.498683
157,345,371,5,10,5.527126
158,162,436,5,10,5.274833
158,422,402,7,13,5.349838
158,456,418,7,13,5.615113
159,455,422,7,13,5.248593
159,298,584,5,10,5.262454
159,124,396,4,7,5.609050
160,216,265,4,7,5.371325
160,124,402,5,10,5.489484
160,406,180,4,7,5.620358
161,313,611,5,10,5.408581
161,345,381,5,10,5.418544
161,342,381,5,10,5.451760
162,116,402,4,7,5.785224
162,467,455,4,7,5.809518
162,287,611,7,13,5.851160
163,492,397,7,13,5.203658
163,498,397,7,13,5.269086
163,285,614,7,13,5.318446
164,456,450,7,13,5.284719
164,456,442,7,13,5.561015
164,456,438,7,13,5.847856
165,439,392,7,13,5.305361
165,502,407,7,13,5.392285
165,335,393,5,10,5.524245
166,465,436,7,13,2.775178
166,201,264,7,13,5.085690
166,465,434,7,13,5.715217
167,458,449,10,19,5.463036
167,458,440,10,19,5.464430
167,93,439,7,13,5.592988
168,459,450,10,19,5.410808
168,486,443,7,13,5.417844
168,92,442,7,13,5.698589
169,460,442,10,19,5.537052
169,202,266,4,7,5.538231
169,449,606,5,10,5.594421
170,86,339,5,10,5.218294
170,90,339,5,10,5.250713
170,88,339,5,10,5.428993
171,340,400,7,13,5.123325
171,466,613,7,13,5.169753
171,423,417,13,26,5.186719
172,461,435,5,10,5.402574
172,463,435,5,10,5.405990
172,430,443,4,7,5.425896
173,73,449,5,10,5.202996
173,71,449,5,10,5.228298
173,343,405,7,13,5.283737
174,201,269,7,13,5.208521
174,70,451,7,13,5.221439
175,466,443,8,16,5.144697
175,233,224,7,13,5.183309
175,343,411,7,13,5.568977
176,163,317,5,10,2.508701
176,165,317,5,10,5.120565
176,344,414,7,13,5.272576
177,350,418,5,10,5.246530
177,481,490,7,13,5.254726
177,345,418,5,10,5.327921
178,458,422,7,13,5.461347
178,65,462,5,10,5.553596
179,373,462,5,10,5.165302
179,118,435,5,10,5.376987
180,67,467,5,10,5.429457
180,36,353,4,7,5.498091
180,172,414,4,7,5.576138
181,237,529,5,10,5.516412
181,484,461,7,13,5.521779
182,151,328,5,10,5.116924
182,2,169,5,10,5.207517
182,487,468,7,13,5.390385
183,497,505,7,13,5.314930
183,497,501,7,13,5.333782
183,3,166,7,13,5.398134
184,456,391,7,13,5.215372
184,419,185,7,13,5.275269
184,419,178,7,13,5.324814
185,61,480,5,10,5.131805
185,478,490,10,19,5.206337
185,67,480,5,10,5.207547
186,492,511,7,13,5.279518
186,59,332,4,7,5.407245
186,492,516,7,13,5.527772
187,482,480,10,19,5.293103
187,495,520,7,13,5.483147
187,302,543,4,7,5.571908
188,229,560,7,13,5.281553
188,216,285,7,13,5.283617
188,216,281,7,13,5.371926
189,498,527,7,13,5.243824
189,68,499,5,10,5.307437
190,503,523,7,13,5.316711
190,427,424,10,19,5.387907
191,502,456,5,10,5.202919
191,82,527,8,16,5.208554
191,430,424,10,19,5.345457
192,506,457,5,10,5.122561
192,502,457,5,10,5.141900
192,439,513,4,7,5.667879
193,440,514,10,19,5.034166
193,67,345,5,10,5.196196
194,227,563,7,13,5.150953
194,221,563,7,13,5.235383
194,447,187,4,7,5.437359
195,449,187,5,10,5.310644
195,447,187,5,10,5.315279
196,66,519,7,13,2.212056
196,66,519,7,13,5.122599
196,69,519,7,13,5.289543
197,483,431,5,10,5.315155
197,490,431,5,10,5.465119
198,260,617,5,10,5.197801
198,457,191,5,10,5.288142
198,49,393,5,10,5.301269
199,460,542,13,26,5.144661
199,261,620,7,13,5.389508
200,148,589,10,19,5.074485
200,139,503,7,13,5.224536
201,189,539,5,10,0.629674
201,137,513,7,13,0.707032
201,18,435,5,10,0.836274
202,138,516,7,13,2.547921
202,140,516,7,13,5.288549
203,190,393,5,10,5.382381
203,3,427,5,10,5.400697
204,475,180,10,19,5.519016
204,4,428,5,10,5.534791
205,1,428,7,13,5.209180
205,498,564,4,7,5.231853
206,1,418,4,7,5.104955
206,97,589,10,19,5.144333
206,107,507,7,13,5.356846
207,96,594,10,19,5.284325
207,486,189,4,7,5.432241
207,264,298,7,13,5.635082
208,237,490,8,16,5.244178
208,501,451,10,19,5.324133
208,109,514,5,10,5.415036
209,297,239,7,13,2.025369
209,297,239,7,13,5.629535
210,114,520,5,10,5.096345
210,110,520,5,10,5.639850
211,459,219,5,10,5.198808
211,271,300,7,13,5.699649
212,1,624,4,7,5.462405
212,1,633,4,7,5.637800
213,134,568,5,10,5.349587
213,5,451,10,19,5.352588
214,304,253,7,13,5.152292
214,3,460,8,16,5.193653
215,39,492,5,10,5.544153
215,219,617,5,10,5.599569
216,61,544,5,10,5.437478
216,279,333,7,13,5.681757
217,280,335,7,13,5.335791
217,45,419,4,7,5.351475
218,292,420,7,13,5.092109
218,289,420,7,13,5.098123
219,46,426,4,7,5.400485
219,183,595,5,10,5.764171
220,265,557,8,16,5.383723
220,283,341,7,13,5.581699
221,1,510,8,16,5.296482
221,282,349,7,13,5.337318
222,502,206,7,13,5.356086
222,502,197,7,13,5.547386
223,252,572,5,10,5.403036
223,279,343,7,13,5.478556
224,278,344,7,13,5.357144
224,176,615,5,10,5.652078
225,80,487,5,10,5.245848
225,25,501,5,10,5.294232
226,273,350,7,13,5.340023
226,273,341,7,13,5.361255
227,494,195,7,13,5.372851
227,47,502,5,10,5.403243
228,230,525,7,13,5.105511
228,266,344,7,13,5.274157
229,487,196,10,19,5.321754
229,487,188,10,19,5.530068
230,258,349,7,13,5.129307
230,258,341,7,13,5.660092
231,253,348,7,13,5.360126
231,253,340,7,13,5.423354
232,248,343,7,13,5.377182
232,325,254,5,10,5.379716
233,268,261,7,13,5.411582
233,473,185,5,10,5.442147
234,469,186,10,19,5.247701
234,469,192,10,19,5.477369
235,231,349,7,13,5.411191
235,1,448,6,11,5.506785
236,410,259,7,13,5.399995
236,225,341,7,13,5.476567
237,183,585,5,10,5.110516
237,375,250,7,13,5.217470
238,214,584,5,10,5.381257
238,182,349,10,19,5.501999
239,204,257,7,13,5.178978
239,381,228,5,10,5.243119
240,466,238,10,19,5.252988
240,344,284,4,7,5.319229
241,177,466,5,10,5.204829
241,175,466,5,10,5.265469
242,162,356,7,13,5.189106
242,162,352,7,13,5.255318
243,183,258,7,13,5.234920
243,157,354,7,13,5.244219
243,454,247,5,10,5.290856
244,153,408,7,13,5.050591
244,199,521,5,10,5.140677
244,197,521,5,10,5.306314
245,473,591,7,13,0.508124
245,146,362,10,19,0.546163
245,470,591,7,13,0.569183
246,168,261,7,13,0.426885
246,118,616,8,16,0.466641
246,29,288,5,10,0.728577
247,452,608,7,13,0.401757
247,485,539,11,22,0.590806
248,116,504,7,13,0.510988
248,314,604,7,13,0.562761
249,139,495,5,10,0.463826
249,135,495,5,10,0.535852
249,495,344,5,10,0.560636
250,9,295,5,10,0.414769
250,463,560,8,16,0.438347
251,1,296,6,11,0.626919
251,441,623,7,13,0.722293
252,130,512,5,10,0.441254
252,129,467,5,10,0.520914
252,121,467,5,10,0.641198
253,464,628,5,10,0.480201
253,53,203,4,7,0.574190
253,466,628,5,10,0.659459
254,486,573,4,7,0.685772
254,480,591,4,7,0.937745
255,199,392,5,10,0.424354
255,352,494,4,7,0.444248
255,350,212,5,10,0.461613
256,472,494,7,13,0.449811
256,103,387,10,19,0.487060
256,395,425,5,10,0.536770
257,93,179,7,13,5.156418
257,451,541,8,16,5.238883
257,427,349,7,13,5.418149
258,430,350,7,13,0.563051
258,211,377,8,16,0.773322
259,389,430,7,13,0.444990
259,463,598,7,13,0.538133
259,482,627,5,10,0.697216
260,307,276,5,10,0.521505
260,16,467,7,13,0.611984
260,344,509,7,13,0.700951
261,416,259,7,13,0.494949
261,424,521,5,10,0.525284
261,414,252,7,13,0.750670
262,190,260,5,10,0.387533
262,493,595,4,7,0.446449
262,87,501,5,10,0.483050
263,494,628,4,7,0.530372
263,56,445,7,13,0.565887
263,494,625,4,7,0.732271
264,10,482,5,10,0.519111
264,454,422,5,10,0.559617
264,295,328,7,13,0.586165
265,32,500,8,16,0.508426
265,211,391,5,10,0.566955
265,481,375,4,7,0.741262
266,456,369,5,10,0.519548
266,455,428,5,10,0.604740
266,386,455,7,13,0.675769
267,449,595,5,10,0.500111
267,468,369,8,16,0.506735
267,460,604,5,10,0.523995
268,418,557,5,10,0.567830
268,189,629,6,12,0.642458
268,77,585,4,7,0.706965
269,468,447,5,10,0.406215
269,73,578,5,10,0.436833
269,484,373,7,13,0.442471
270,468,375,5,10,0.416113
270,31,499,10,19,0.422148
271,84,511,5,10,0.442935
271,306,558,7,13,0.456357
271,386,471,7,13,0.473802
272,347,416,4,7,0.511667
272,505,389,5,10,0.546357
272,483,384,5,10,0.798158
273,438,388,5,10,5.477924
273,282,164,7,13,5.486312
273,410,341,5,10,5.534058
274,1,548,6,11,5.302341
274,467,521,5,10,5.356412
274,339,349,5,10,5.381265
275,76,553,5,10,5.198066
275,84,553,5,10,5.230968
275,15,531,7,13,5.288164
276,298,350,7,13,5.285602
276,13,532,10,19,5.362159
277,422,275,16,32,5.255176
277,76,538,7,13,5.483950
277,21,535,5,10,5.484478
278,499,399,8,16,5.241457
278,427,275,13,26,5.416743
278,24,536,4,7,5.561260
279,294,170,7,13,5.240324
279,23,541,5,10,5.248092
279,431,276,13,26,5.414166
280,96,506,7,13,5.082563
280,99,506,7,13,5.084356
280,292,162,16,32,5.311160
281,414,514,8,16,5.313557
281,300,165,7,13,5.319938
281,14,556,7,13,5.340541
282,506,329,7,13,5.353648
282,274,358,5,10,5.500654
282,372,189,5,10,5.725851
283,183,427,5,10,5.535805
283,185,427,5,10,5.563017
283,449,279,10,19,5.641920
284,453,271,10,19,5.487452
284,122,514,5,10,5.570473
285,458,278,10,19,5.302255
285,330,460,5,10,5.346185
286,464,289,13,26,5.252866
286,67,451,16,32,5.334590
286,1,601,6,11,5.420254
287,324,166,8,16,5.347663
287,469,282,13,26,5.349826
287,469,291,13,26,5.428595
288,28,577,8,16,5.197840
288,330,170,5,10,5.362417
288,332,170,5,10,5.733078
289,481,283,13,26,5.446632
289,364,475,4,7,5.472516
289,33,586,7,13,5.624342
290,340,167,7,13,5.270938
290,276,422,7,13,5.372796
290,340,171,7,13,5.419004
291,345,170,7,13,5.439278
291,98,608,5,10,5.477638
292,340,355,5,10,5.363912
292,338,355,5,10,5.382156
292,342,355,5,10,5.615668
293,351,348,13,26,5.224563
293,273,463,5,10,5.522012
294,357,344,13,26,5.154625
294,205,482,5,10,5.193154
294,337,377,5,10,5.341868
295,238,226,5,10,5.297107
295,440,519,5,10,5.477724
295,442,519,5,10,5.546837
296,1,597,6,11,5.348933
296,368,182,8,16,5.469146
296,407,310,7,13,5.641527
297,407,401,5,10,5.142403
297,488,311,5,10,5.249778
298,499,305,8,16,5.403700
298,505,305,8,16,5.429861
298,503,314,5,10,5.531008
299,299,487,8,16,5.254195
299,226,504,5,10,5.309751
299,1,616,6,11,5.375794
300,441,402,5,10,5.333819
300,492,312,4,7,5.381956
300,1,615,8,15,5.391307
301,147,288,5,10,5.132275
301,423,533,8,16,5.168848
301,474,540,5,10,5.198852
302,407,534,5,10,5.213427
302,396,363,13,26,5.254584
302,431,277,5,10,5.508891
303,497,412,5,10,5.348150
303,234,518,7,13,5.359370
303,244,513,5,10,5.561426
304,93,590,7,13,5.273163
304,440,457,5,10,5.280756
304,407,174,13,26,5.366991
305,249,523,7,13,5.243409
305,109,211,5,10,5.351958
305,257,518,5,10,5.416020
306,254,529,7,13,5.296343
306,110,440,5,10,5.362568
306,483,553,5,10,5.385093
307,332,526,4,7,5.368127
307,451,481,5,10,5.401691
307,334,512,5,10,5.702173
308,472,569,5,10,5.376759
308,255,542,7,13,5.402925
308,335,533,4,7,5.479604
309,424,397,16,32,5.157546
309,190,320,10,19,5.195482
309,190,313,10,19,5.285433
310,226,545,10,19,5.178588
310,466,504,5,10,5.270251
310,275,381,5,10,5.294072
311,123,612,5,10,5.285018
311,354,510,7,13,5.287988
311,93,279,7,13,5.326874
312,36,388,4,7,5.378317
312,351,520,5,10,5.407784
312,294,343,7,13,5.573508
313,6,400,4,7,5.238425
313,6,403,4,7,5.362063
313,6,397,4,7,5.454336
314,423,624,7,13,5.129490
314,472,530,7,13,5.297179
314,481,619,7,13,5.566730
315,4,408,4,7,5.415756
315,293,386,7,13,5.553990
315,343,496,5,10,5.635649
316,331,512,5,10,5.241151
316,3,404,4,7,5.323564
316,3,412,4,7,5.477479
317,3,411,4,7,5.279773
317,330,516,5,10,5.360309
317,3,414,4,7,5.433999
318,484,551,5,10,5.176663
318,486,551,5,10,5.290620
318,1,408,7,13,5.388265
319,235,505,5,10,5.383827
319,489,559,5,10,5.410694
320,1,418,4,8,5.397055
320,127,319,5,10,5.488521
320,289,393,5,10,5.591838
321,191,509,5,10,5.253443
321,189,509,5,10,5.269955
321,210,442,5,10,5.350807
322,401,543,7,13,5.147668
322,27,414,7,13,5.153770
322,27,410,7,13,5.455198
323,500,578,5,10,5.378050
323,339,558,7,13,5.444507
323,291,405,7,13,5.478984
324,149,323,5,10,5.285677
324,306,611,5,10,5.416046
324,310,611,5,10,5.426573
325,296,291,5,10,5.593816
325,55,239,7,13,5.605051
325,326,357,7,13,5.625481
326,460,495,11,22,5.221418
326,329,589,8,16,5.247125
326,456,495,11,22,5.265797
327,231,552,7,13,5.348824
327,492,465,8,16,5.351020
327,358,565,7,13,5.579395
328,252,481,5,10,5.288119
328,343,587,5,10,5.427028
328,248,481,5,10,5.824666
329,341,569,5,10,5.280612
329,449,582,5,10,5.389295
329,390,610,5,10,5.407828
330,377,168,5,10,5.127580
330,500,472,7,13,5.218242
331,363,587,7,13,5.381754
331,382,165,5,10,5.433297
331,222,570,5,10,5.467048
332,337,628,5,10,5.071597
332,335,628,5,10,5.085372
332,19,417,13,26,5.552270
333,488,501,5,10,5.248159
333,342,429,5,10,5.300995
333,490,501,5,10,5.681134
334,368,487,5,10,5.199027
334,22,419,13,26,5.242822
334,166,543,5,10,5.291479
335,355,432,5,10,5.099753
335,28,431,7,13,5.167618
335,28,435,7,13,5.523041
336,218,564,5,10,5.189624
336,364,621,8,16,5.306144
336,220,564,5,10,5.429574
337,373,281,5,10,5.353588
337,221,609,5,10,5.412317
337,389,494,5,10,5.413606
338,371,482,5,10,5.347542
338,1,458,4,7,5.364719
338,1,448,4,7,5.408913
339,411,605,5,10,5.174073
339,405,605,5,10,5.400479
339,487,589,7,13,5.522836
340,240,504,5,10,5.243826
340,231,504,5,10,5.383074
340,381,441,5,10,5.501436
341,266,339,5,10,5.133624
341,35,440,16,32,5.143807
342,131,348,5,10,5.178317
342,134,348,5,10,5.184438
342,385,441,5,10,5.297912
343,10,478,7,13,5.196957
343,114,235,5,10,5.228558
343,10,474,7,13,5.452454
344,261,319,7,13,5.351661
344,71,301,5,10,5.486684
344,445,629,6,12,5.493500
345,438,507,5,10,5.120297
345,434,507,5,10,5.153501
346,3,467,7,13,5.309951
346,80,425,5,10,5.361081
346,418,464,5,10,5.384355
347,159,528,5,10,5.412121
347,224,594,8,16,5.601875
348,233,597,7,13,5.355792
348,230,597,7,13,5.418271
349,426,389,5,10,5.156029
349,208,352,5,10,5.516786
349,1,493,4,8,5.579616
350,116,215,5,10,5.075581
350,424,389,7,13,5.251942
350,119,215,5,10,5.326596
351,427,417,7,13,5.241978
351,422,297,5,10,5.303833
351,1,503,5,10,5.570395
352,424,479,7,13,5.261004
352,2,508,4,7,5.293612
352,273,621,4,7,5.376672
353,48,286,7,13,5.280871
353,235,380,5,10,5.519792
353,1,511,6,11,5.632222
354,135,377,5,10,5.252394
354,95,453,7,13,5.286726
354,453,441,5,10,5.366612
355,314,578,10,19,5.133957
355,450,499,7,13,5.140898
355,1,520,4,8,5.450275
356,144,354,5,10,5.142127
356,96,326,5,10,5.214992
356,142,354,5,10,5.441845
357,481,590,10,19,5.179444
357,179,599,5,10,5.354772
357,446,491,5,10,5.472969
358,205,257,7,13,5.199881
358,463,537,5,10,5.475916
358,461,537,5,10,5.496548
359,446,497,7,13,5.392672
359,452,497,7,13,5.454143
359,1,523,4,7,5.866037
360,459,543,7,13,5.239425
360,448,503,5,10,5.344538
360,454,431,7,13,5.709802
361,455,548,5,10,5.133323
361,442,505,7,13,5.181627
361,457,548,5,10,5.182009
362,138,405,5,10,5.172959
362,447,529,8,16,5.265331
362,7,568,7,13,5.274712
363,472,508,5,10,5.537417
363,1,501,8,15,5.590042
363,312,618,7,13,5.662316
364,234,404,5,10,5.305536
364,437,515,5,10,5.485718
365,445,519,5,10,5.333621
365,437,513,8,16,5.349469
365,234,403,5,10,5.383596
366,445,442,7,13,5.192484
366,439,442,7,13,5.387796
366,433,514,7,13,5.433088
367,268,353,5,10,5.356633
367,432,431,5,10,5.414442
367,477,594,5,10,5.492424
368,360,479,8,16,5.178797
368,402,207,5,10,5.225345
368,362,535,5,10,5.328913
369,40,332,5,10,5.264842
369,182,388,5,10,5.465261
369,215,407,5,10,5.502219
370,54,389,5,10,5.295769
370,482,608,5,10,5.332800
370,486,608,5,10,5.450214
371,424,471,10,19,5.347860
371,420,440,7,13,5.401306
371,416,543,5,10,5.705813
372,1,564,4,7,5.371848
372,416,552,7,13,5.407964
372,451,524,7,13,5.489514
373,41,398,5,10,5.236113
373,43,398,5,10,5.267026
373,455,531,5,10,5.378381
374,177,422,7,13,5.294091
374,422,487,7,13,5.356399
375,379,465,5,10,5.310064
375,377,465,5,10,5.322709
375,442,538,8,16,5.556889
376,112,376,5,10,5.427197
376,419,558,7,13,5.588166
376,73,455,5,10,5.630523
377,405,579,5,10,5.294774
377,410,579,5,10,5.317300
377,80,418,7,13,5.373729
378,411,502,7,13,5.162606
378,429,515,7,13,5.188718
378,245,473,5,10,5.373016
379,144,457,7,13,5.330730
379,72,405,7,13,5.405054
379,69,405,7,13,5.552443
380,431,519,8,16,5.349826
380,421,468,5,10,5.535790
380,427,532,7,13,5.585122
381,61,477,7,13,5.408630
381,231,385,7,13,5.418169
381,138,389,5,10,5.432330
382,358,505,5,10,5.407663
382,58,483,7,13,5.437771
382,435,582,5,10,5.487306
383,410,558,10,19,5.375937
383,415,525,5,10,5.404826
383,420,556,4,7,5.446900
384,339,587,5,10,5.296590
384,293,354,5,10,5.347858
384,506,509,5,10,5.524562
385,436,490,5,10,5.410043
385,436,607,11,22,5.447802
385,382,619,7,13,5.471541
386,443,606,10,19,5.418141
386,365,568,5,10,5.446417
386,357,521,5,10,5.497418
387,424,484,5,10,5.305784
387,426,484,5,10,5.456475
387,409,626,5,10,5.499683
388,366,585,7,13,5.298786
388,338,620,7,13,5.336148
388,121,448,7,13,5.540706
389,3,463,5,10,5.339604
389,167,460,4,7,5.365746
389,441,493,5,10,5.493816
390,389,558,5,10,5.412844
390,39,483,5,10,5.419624
390,385,558,5,10,5.488835
391,82,421,7,13,5.335110
391,213,543,5,10,5.351888
391,380,605,5,10,5.527745
392,139,528,5,10,5.304295
392,124,509,5,10,5.352805
392,36,316,5,10,5.384760
392,432,593,10,19,5.671875
393,354,572,5,10,5.345138
393,385,616,8,16,5.370030
393,370,539,7,13,5.563085
394,380,530,7,13,5.237196
394,452,536,5,10,5.272970
394,134,519,5,10,5.306810
394,454,536,5,10,5.667231
395,384,612,5,10,5.354330
395,355,605,5,10,5.404903
395,388,533,5,10,5.674707
396,322,628,5,10,5.303720
396,91,550,8,16,5.362767
396,443,543,7,13,5.503390
397,371,562,8,16,5.288088
397,6,531,7,13,5.379822
397,247,458,7,13,5.546902
398,218,467,5,10,5.420536
398,193,449,8,16,5.509320
398,370,568,8,16,5.512037
399,182,516,5,10,5.234651
399,354,357,5,10,5.243681
399,445,546,8,16,5.300685
399,418,523,8,16,5.484671
400,8,547,8,16,5.305260
400,460,174,7,13,5.308537
400,218,475,5,10,5.320538
400,450,602,11,22,5.421730
401,437,621,5,10,5.351245
401,1,554,5,10,5.357662
401,97,531,7,13,5.384861
402,462,586,7,13,5.314638
402,212,474,5,10,5.374885
402,165,538,5,10,5.477591
403,403,372,5,10,5.226682
403,1,471,5,10,5.269221
403,407,372,5,10,5.300671
404,382,583,7,13,5.283028
404,417,549,8,16,5.324114
404,240,428,5,10,5.338043
405,279,578,7,13,5.343238
405,271,586,5,10,5.344237
405,44,480,5,10,5.346475
405,83,545,7,13,5.580051
406,294,408,5,10,5.422697
406,289,408,5,10,5.453818
406,105,514,5,10,5.529629
406,160,545,7,13,5.631928
407,450,597,7,13,5.292977
407,136,537,5,10,5.313718
407,129,537,5,10,5.328719
407,231,426,5,10,5.423911
408,352,622,7,13,5.253181
408,438,593,7,13,5.268543
408,31,575,5,10,5.313017
409,146,490,5,10,5.386983
409,400,406,5,10,5.403651
409,142,490,5,10,5.433195
409,206,510,5,10,5.643701
410,176,449,5,10,5.161561
410,71,568,5,10,5.219183
410,69,568,5,10,5.408335
411,407,608,7,13,5.138302
411,407,603,7,13,5.172220
411,195,516,8,16,5.299008
412,434,386,5,10,5.360110
412,438,386,5,10,5.374882
412,440,386,5,10,5.436354
412,331,231,5,10,5.470294
413,98,605,5,10,5.437958
413,355,415,8,16,5.596921
413,425,605,4,7,5.805795
414,198,472,5,10,5.212136
414,223,455,5,10,5.364140
414,95,610,5,10,5.428348
415,142,512,5,10,5.278483
415,133,512,5,10,5.357044
415,224,451,7,13,5.398061
416,446,609,5,10,0.407654
416,385,627,7,13,0.431126
416,73,601,5,10,0.547437
417,170,507,5,10,0.402101
417,424,383,7,13,0.403297
417,285,532,5,10,0.466452
418,341,398,5,10,5.315706
418,217,440,5,10,5.341634
418,231,456,8,16,5.363229
419,181,465,8,16,5.341534
419,102,617,7,13,5.384064
419,8,621,5,10,5.420180
420,226,425,5,10,5.350685
420,352,388,7,13,5.355417
420,1,556,5,10,5.371850
420,111,549,7,13,5.412949
421,81,552,8,16,5.278838
421,320,515,5,10,5.364014
421,215,449,5,10,5.391918
421,183,536,5,10,5.595045
422,158,628,7,13,5.257882
422,95,558,8,16,5.270654
422,327,427,5,10,5.278007
422,395,442,5,10,5.571171
423,168,520,5,10,5.314325
423,139,473,5,10,5.342775
423,268,466,5,10,5.539677
424,18,577,4,7,5.334938
424,401,403,5,10,5.366347
424,18,580,4,7,5.445816
425,109,578,5,10,5.316355
425,217,462,8,16,5.348120
425,205,436,7,13,5.359339
426,383,467,5,10,5.387741
426,385,467,5,10,5.420143
426,390,467,5,10,5.634974
427,202,594,5,10,5.299814
427,101,600,5,10,5.340470
427,254,448,5,10,5.402624
428,105,607,5,10,5.253725
428,161,570,5,10,5.257964
428,102,607,5,10,5.283843
429,174,491,5,10,5.294298
429,30,380,5,10,5.372377
429,125,577,7,13,5.496777
430,121,550,5,10,5.404608
430,195,453,8,16,5.462565
430,117,550,5,10,5.504012
430,311,450,7,13,5.531393
431,212,458,8,16,5.176603
431,407,464,5,10,5.299914
431,346,421,10,19,5.309058
431,403,464,5,10,5.546516
432,113,582,5,10,5.298373
432,95,585,5,10,5.333933
432,121,582,5,10,5.407226
432,123,582,5,10,5.678708
433,180,556,8,16,5.308034
433,386,487,7,13,5.376591
433,422,355,5,10,5.492208
434,152,614,5,10,5.251873
434,410,527,8,16,5.291647
434,150,614,5,10,5.337730
435,9,252,5,10,5.252897
435,178,300,5,10,5.270391
435,144,529,7,13,5.411323
436,73,599,5,10,5.319593
436,332,582,5,10,5.323114
436,334,582,5,10,5.385007
437,240,627,8,15,5.476233
437,64,543,5,10,5.604400
437,304,499,7,13,5.719990
438,338,595,5,10,5.267656
438,334,595,5,10,5.327743
438,195,320,5,10,5.332074
438,261,619,5,10,5.428226
439,136,595,5,10,5.247045
439,150,335,5,10,5.275435
439,134,595,5,10,5.296535
440,31,389,7,13,5.254540
440,294,594,5,10,5.272827
440,246,553,4,7,5.335208
441,312,487,11,22,5.507256
441,157,598,5,10,5.522157
441,461,440,7,13,5.608845
441,444,458,7,13,5.635978
442,343,616,5,10,5.379705
442,54,575,5,10,5.400990
442,461,439,7,13,5.461053
442,23,386,5,10,5.511384
443,197,535,7,13,5.307785
443,204,562,7,13,5.331631
443,296,238,5,10,5.418972
443,294,446,5,10,5.474651
444,235,593,5,10,5.328152
444,404,466,7,13,5.353868
444,311,504,5,10,5.394428
444,312,499,5,10,5.412807
445,408,523,7,13,5.407867
445,196,614,5,10,5.430229
445,404,523,7,13,5.466489
446,190,593,8,16,5.250127
446,238,568,7,13,5.292387
446,409,455,7,13,5.338130
446,14,363,7,13,5.398587
447,411,452,7,13,5.310882
447,229,610,7,13,5.355306
447,48,607,7,13,5.401705
447,411,464,7,13,5.705250
448,234,591,5,10,5.267955
448,143,561,5,10,5.297954
448,247,380,5,10,5.314133
448,240,380,5,10,5.370111
449,119,566,5,10,5.374940
449,229,598,5,10,5.383932
449,49,581,7,13,5.759165
450,103,581,5,10,5.282342
450,99,581,5,10,5.355631
450,277,466,5,10,5.414264
451,288,613,5,10,5.308751
451,445,463,5,10,5.313071
451,449,463,5,10,5.465027
452,217,612,5,10,5.114797
452,142,587,7,13,5.164910
453,229,604,5,10,5.449556
453,211,617,5,10,5.551759
453,289,591,7,13,5.562721
454,26,589,5,10,5.450871
454,237,495,5,10,5.537358
454,248,499,5,10,5.642305
455,196,560,5,10,5.300157
455,309,464,10,19,5.326328
455,276,540,5,10,5.450902
455,181,574,5,10,5.618943
456,435,480,5,10,5.325660
456,429,480,5,10,5.373729
456,183,593,5,10,5.564525
457,12,625,5,10,5.275349
457,378,568,5,10,5.296713
457,338,563,5,10,5.421368
458,103,412,5,10,5.399196
458,282,586,7,13,5.454664
458,206,605,5,10,5.495712
459,286,536,5,10,5.403402
459,294,486,5,10,5.463679
459,293,536,5,10,5.570416
460,169,564,5,10,5.328307
460,282,534,5,10,5.467020
460,312,587,5,10,5.550046
461,403,621,8,16,5.371166
461,406,621,8,16,5.373555
461,49,600,5,10,5.431426
461,188,536,8,16,5.440114
462,227,603,7,13,5.324287
462,230,603,7,13,5.340929
462,150,604,7,13,5.726385
462,22,622,5,10,5.778505
463,150,586,5,10,5.349855
463,325,524,5,10,5.390511
463,353,516,8,16,5.416261
463,248,546,7,13,5.435735
464,404,517,5,10,5.372421
464,454,406,7,13,5.385186
464,450,406,7,13,5.592367
464,411,517,5,10,5.692332
465,211,540,8,16,5.209127
465,269,520,7,13,5.240893
465,266,520,7,13,5.312037
466,142,576,8,16,5.248612
466,105,536,10,19,5.280480
466,137,582,5,10,5.354418
467,373,512,8,16,5.310312
467,125,592,7,13,5.352806
467,145,569,11,22,5.357773
468,301,631,5,10,5.372521
468,125,560,5,10,5.393854
468,121,560,5,10,5.403622
469,224,586,5,10,5.381404
469,121,563,7,13,5.397223
469,118,563,7,13,5.398597
470,251,548,5,10,5.478860
470,312,536,5,10,5.587564
470,308,536,5,10,5.739826
470,270,593,8,16,5.772966
471,301,567,5,10,5.435126
471,365,596,5,10,5.435470
471,212,520,5,10,5.471916
471,240,542,5,10,5.533788
472,70,571,5,10,5.368741
472,65,571,5,10,5.430145
472,259,490,7,13,5.471230
473,47,602,5,10,5.400276
473,217,557,5,10,5.405004
473,224,575,5,10,5.407205
473,45,602,5,10,5.479961
474,140,465,7,13,5.323976
474,369,567,16,32,5.409536
474,166,595,8,16,5.496158
475,62,459,5,10,5.304619
475,99,625,7,13,5.399270
475,265,464,7,13,5.413318
476,125,475,5,10,5.266183
476,39,470,5,10,5.295570
476,59,603,8,16,5.335793
477,122,480,5,10,5.276288
477,237,517,5,10,5.300706
477,127,480,5,10,5.366726
478,153,603,7,13,0.513389
478,207,557,7,13,0.636882
478,257,570,7,13,0.678114
479,181,461,7,13,0.416756
479,184,596,5,10,0.431061
479,1,475,5,10,0.478358
480,54,547,5,10,0.395153
480,211,577,8,16,0.417293
480,166,579,7,13,0.474221
481,188,561,8,16,0.606545
481,105,498,5,10,0.668168
481,109,619,8,16,0.823017
482,107,502,5,10,0.463979
482,204,578,5,10,0.473415
482,139,552,5,10,0.563945
483,281,499,7,13,0.369980
483,3,494,5,10,0.414950
484,96,508,8,16,0.516308
484,278,506,5,10,0.526623
485,141,531,7,13,0.433634
485,217,497,5,10,0.485969
486,229,515,5,10,0.475950
486,80,518,5,10,0.549725
487,197,622,8,16,0.449247
487,7,506,8,16,0.589243
488,122,588,5,10,0.349379
488,82,558,7,13,0.375258
488,224,439,5,10,0.424171
489,158,505,5,10,0.508561
489,188,520,5,10,0.586263
489,195,520,5,10,0.662227
490,284,481,7,13,0.590020
490,314,482,5,10,0.602935
490,234,523,8,16,0.608764
491,125,471,7,13,5.471215
491,53,549,5,10,5.500822
491,121,471,7,13,5.626396
492,308,533,7,13,5.236152
492,222,579,8,16,5.336118
492,254,495,5,10,5.337211
493,216,535,7,13,5.411992
493,15,575,5,10,5.413730
493,5,575,5,10,5.536821
494,233,542,7,13,5.315013
494,90,598,5,10,5.321136
494,94,598,5,10,5.470708
